PAX_USDT,0.9862,1.0061000000,0.9827,+0.0003
QTUM_ETH,0.00816701,0.00926001,0.00786199,-0.1026
MKR_BTC,0.0611,0.0693,0.0590,-0.0286
DASH_BTC,0.005372,0.006212,0.005096,-0.1348
DGB_BTC,0.0000023900,0.0000099999,0.0000021833,-0.0913
PROPEL_USDT,0.001939,0.002250,0.0009920000,-0.1186
AMR_USDT,0.006023,0.007507,0.0048990000,+0.0254
TRX_USDT,0.122901,0.147837,0.111101,-0.1582
LTC_BTC,0.004543,0.004913,0.004393,-0.0592
LON_USDT,5.6501,6.1321,5.4170,-0.0721
DOGE_USDT,0.414889,0.4200000000,0.2326650000,+0.2274
BUY_USDT,0.0750,0.1265,0.0500,-0.0360
CLC_USDT,0.0645,0.0654000000,0.0606,+0.0271
ZIL_BTC,0.0000031600,0.0000036303,0.0000030399,-0.1271
ZEP_USDT,0.0000001199,0.0000007,0.0000000011,+5.1487
EOS_BTC,0.00011550,0.00012917,0.00011280,-0.0983
VET_USDT,0.235179,0.266187,0.0000800000,-0.1115
BCH_USDT,880.06,1004.10,99.29,-0.1047
EUM_ETH,0.002290,0.0023220000,0.002290,-0.0065
ORE_USDT,0.011496,0.050000,0.001400,+2.7446
YNI_USDT,87.35,102.13,86.48,-0.1321
BMX_ETH,0.00005597,0.0000559900,0.00004338,+0.1600
UNI_USDT,29.6758,32.7035,29.3059,-0.0650
ERG_USDT,4.2500,4.3997,3.2500000000,+0.1803
CELO_USDT,3.8600,4.3851,3.8356,-0.1038
SG_BTC,0.00006664,0.00007035,0.00006067,-0.0518
ZRX_BTC,0.00002754,0.00003259,0.00002710,-0.1489
DIA_USDT,3.3121,4.2431,3.1899,-0.1894
ALGO_BTC,0.00002274,0.00002637,0.00001859,-0.1297
ONT_ETH,0.00095644,0.00107197,0.00092088,-0.0696
SWRV_USDT,1.6096,2.0491,1.5499,-0.1951
EOS_USDT,6.3225,7.3698,1.5000000000,-0.1312
GRT_USDT,1.511101,1.778800,1.441883,-0.1335
SFUEL_ETH,0.00013795,0.00014997,0.0000950500,+0.1125
ABBC_BTC,0.00000249,0.00000264,0.00000236,-0.0568
XYM_USDT,0.3600,0.4242,0.3280000000,-0.1513
SKL_USDT,0.5386,0.6581,0.5137,-0.1684
KAN_ETH,0.00000267,0.00000281,0.00000260,-0.0464
BRT_ETH,0.0000330000,0.0000330000,0.00003299,0
ATOM_BTC,0.00034140,0.00038220,0.00032749,-0.1006
XRP_BTC,0.00002319,0.00002645,0.0000167900,-0.1169
BSCX_USDT,11.98,14.1300000000,10.6800000000,+0.0328
BHD_USDT,4.7201,6.4899,4.3091,-0.2727
EOS_ETH,0.002997,0.003264,0.002944,-0.0759
XRP_USDT,1.2746,1.5100,0.5000,-0.1444
MKR_ETH,1.5839,1.7686,1.5320,-0.0047
DPI_USDT,418.34,516.0000000000,411.78,+0.0066
ULT_USDT,0.023132,0.025179,0.022266,-0.0802
MATIC_USDT,0.317340,0.385621,0.302000,-0.1560
MVEDA_USDT,0.0297,0.0307000000,0.0250000000,-0.0166
QTUM_BTC,0.0003141,0.0003653000,0.0003001,-0.1251
BNB_USDT,497.07,545.00,478.69,-0.0593
ELT_USDT,0.000915,0.001010,0.0008500000,-0.0795
OMG_ETH,0.003452,0.004100,0.003392,-0.1073
ZIL_ETH,0.00008189,0.00009219,0.00007947,-0.1071
LABS_ETH,0.00002123,0.00002557,0.00002044,-0.1691
DEGO_USDT,11.6321,14.5819,11.0108,-0.1637
BSV_BTC,0.005197,0.005835,0.005118,-0.1038
GUSD_USDT,1.0001,1.0052,0.9900,+0.0067
YFI_USDT,45603.15,55285.68,43484.95,-0.1710
DASH_USDT,294.14,334.93,276.76,-0.0847
OVR_USDT,1.5750,1.7000,0.8000000000,+0.0565
ECELL_USDT,0.0531600000,0.0568400000,0.0531600000,-0.0242
TSL_BTC,0.00000010,0.0000001500,0.0000000700,-0.1667
LABS_USDT,0.045000,0.200000,0.042420,-0.2175
SHDC_USDT,0.026000,0.030000,0.005000,+1.8889
EWT_BTC,0.00027499,0.00033877,0.00027036,-0.1607
AAVE_USDT,325.3998,397.6357,35.9748,-0.1652
BEC_BTC,0.00035709,0.00035760,0.00033993,+0.0501
TRX_ETH,0.00005807,0.00006545,0.00005645,-0.1051
XLM_ETH,0.00023023,0.00024616,0.00006000,-0.0647
RLY_USDT,0.8194,1.1110,0.7830,-0.1025
BTM_BTC,0.00000412,0.00000440,0.0000038000,-0.0351
SFUEL_BTC,0.00000444,0.00000620,0.0000044100,-0.0155
JST_USDT,0.12813,0.15610,0.12314,-0.1714
ZRX_ETH,0.00071501,0.00082524,0.00071018,-0.1242
AR_USDT,22.8769,26.2229,22.7101,-0.0738
AKT_USDT,6.1427,6.7378000000,5.8774000000,-0.0319
JULD_USDT,0.1299,0.1689000000,0.1203,-0.2021
BAT_ETH,0.00057949,0.00067143,0.00056443,-0.0467
ZCK_USDT,0.0306,0.0509,0.0303,-0.3433
EWT_USDT,15.00,19.24,14.9300000000,-0.1870
BXTB_USDT,0.0127,0.0177,0.0107,-0.2112
COMP_USDT,450.081,517.471,426.060,-0.1118
BAL_USDT,50.1971,61.0939,48.5574,-0.1637
TFF_USDT,0.0234,0.0299,0.0107000000,-0.1847
BSP_USDT,0.001200,0.002000,0.000643,+0.0909
ZNC_USDT,0.00036582,0.0003658500,0.0002300000,+0.4736
WAVES_USDT,11.8090,14.0215,11.0000,-0.1412
ZEC_BTC,0.004080,0.004579,0.003856,-0.1053
BRT_BTC,0.00000115,0.0000012500,0.00000114,+0.0088
ETC_USDT,31.7374,37.3205,30.2238,-0.1450
HEX_BTC,0.0000002808,0.0000003600,0.0000002674,-0.1975
ETC_ETH,0.015036,0.016580,0.014466,-0.0911
AE_BTC,0.00000626,0.00000731,0.00000583,-0.1425
LIEN_USDT,52.06,52.06,50.05,+0.0385
LTC_ETH,0.1178,0.1260,0.1148,-0.0344
BERRY_BTC,0.000000199,0.0000002090,0.000000079,+0.8426
QRX_BTC,0.0000013744,0.0000014515,0.0000013538,-0.0281
LINK_BTC,0.00065546,0.00071881,0.00061216,-0.0807
SMH_BTC,0.01499995,0.0159998600,0.00350048,+0.0000
MANA_USDT,1.2483,1.4207,1.1559,-0.0775
VET_BTC,0.0000042900,0.0000046800,0.0000037466,-0.0794
OKB_USDT,16.5040,17.7596,15.2300,-0.0615
OMG_BTC,0.00013311,0.00016170,0.00012999,-0.1317
WORLD_USDT,0.0942,0.1285,0.0845,-0.0881
RFUEL_USDT,0.1006,0.1178,0.0987,-0.0464
MIR_USDT,9.2200,11.8591,8.0058,+0.1243
ETC_BTC,0.000581,0.000657,0.000555,-0.1103
KP3RB_USDT,9.5000,10.0000000000,2.2925,+2.4889
KSM_USDT,338.02,417.88,321.08,-0.1814
STORJ_USDT,1.7260,2.0980,0.0227,-0.1590
XEM_USDT,0.3584,0.4153,0.3481,-0.1337
QTUM_USDT,17.1780,20.8560,16.1951,-0.1577
BUP_BTC,0.0000128700,0.0000128700,0.0000123800,+0.0396
ONT_BTC,0.00003686,0.00004171,0.00003508,-0.0952
ZEC_ETH,0.105791,0.115851,0.099650,-0.0825
REV_USDT,0.0128700000,0.012990,0.0128700000,-0.0023
SHR_BTC,0.0000012612,0.0000014000,0.0000010779,-0.0794
CEL_ETH,0.002840,0.002980,0.002501,+0.0790
NEXO_USDT,3.3300,3.6295,3.2052,-0.0646
ETH_USDT,2113.90,2274.18,2053.32,-0.0590
WNXM_USDT,60.94,67.16,56.88,-0.0750
PLA_BTC,0.0000000044,0.0000000056,0.0000000041,-0.2143
ANY_USDT,2.4260,2.9800,2.4121,-0.1360
BERRY_USDT,0.0102,0.0117,0.0061,+0.3077
1INCH_USDT,4.6688,5.4178,4.5404,-0.1238
BTCV_BTC,0.000778,0.0008910000,0.0007730000,+0.0065
ENJ_USDT,2.2877,2.7550,2.1887,-0.1551
PWAY_USDT,6.9831,7.0860,6.9700000000,-0.0132
$KING_USDT,0.1110,0.1234,0.0400000000,-0.0680
DODO_USDT,3.4400,3.9896,3.2000,-0.1181
BAT_BTC,0.00002232,0.00002609,0.00002166,-0.0731
XRP_ETH,0.00060156,0.00066929,0.0000634000,-0.0938
XLM_BTC,0.00000889,0.00000988,0.00000105,-0.0984
DMS_USDT,0.00000500,0.00001045,0.00000340,-0.2248
TMCN_BTC,0.004158,0.004529,0.003948,+0.0460
EUM_USDT,4.8599,5.1903,4.7842000000,-0.0475
CAKE_USDT,22.6001,1117.8648000000,21.1743,-0.0948
KAN_BTC,0.0000001034,0.0000001109,0.0000001019,-0.0626
BEC_USDT,19.8392,20.3470,18.8975,-0.0115
eRSDL_ETH,0.00026650,0.00032889,0.00026494,-0.1205
FIL_USDT,148.9791,163.5285,145.0000,-0.0762
MATH_USDT,1.9872,2.1815,1.5940000000,-0.0672
HMR_BTC,0.000001169,0.000001646,0.000000922,+0.2516
RFI_USDT,0.2103,0.5700,0.0607,-0.6311
ZRX_USDT,1.5109,1.8629,1.4722,-0.1782
BAND_USDT,14.5320,18.0700,14.1500,-0.1728
XAG_ETH,0.00002161,0.00002252,0.00002119,-0.0270
TERN_USDT,0.013949,0.015236,0.0115850000,+0.1379
BTU_USDT,0.4886,0.4998,0.4368,+0.1186
THETA_USDT,10.5199,12.3862,10.0001,-0.1390
GIX_USDT,1.9000,2.3167,1.9000,-0.1061
HOT_ETH,0.00000724,0.00000811,0.00000671,-0.0939
BIFI_USDT,1800.00,1989.25,1709.32,-0.0635
NULS_USDT,1.2458,1.5845,1.2303,-0.2014
ELT_ETH,0.0000004100,0.0000004602,0.0000003832,-0.0776
WTK_USDT,0.0668,0.0698,0.0651,-0.0305
PCL_ETH,0.00000427,0.00000437,0.00000385,+0.0921
QM_USDT,0.02850,0.02972,0.0211500000,+0.3437
LINK_ETH,0.01699300,0.01811692,0.01605600,-0.0569
REN_USDT,0.8350,0.9821,0.8032,-0.1325
SRK_ETH,0.00000445,0.00000588,0.00000357,-0.2274
NEO_ETH,0.0498,0.0570,0.0473,-0.1011
VET_ETH,0.00011130,0.00049995,0.00009817,-0.0578
ALGO_USDT,1.2389,1.5000,0.1422,-0.1653
DORA_USDT,25.31,29.79,23.70,-0.1296
ZCK_ETH,0.00001442,0.00002564,0.00001402,-0.3290
TRX_BTC,0.0000022417,0.0000025815,0.0000021776,-0.1279
MATIC_BTC,0.00000578,0.00000674,0.00000552,-0.1242
HT_USDT,18.1216,18.6850,16.4707,+0.0088
NEO_BTC,0.001917,0.002248,0.001805,-0.1235
BAT_USDT,1.2254,1.4789,1.1722,-0.1039
GSX_USDT,0.0797,0.121,0.0121,-0.0173
HAKKA_USDT,0.1047,0.1144,0.0666,+0.5721
USDC_USDT,0.9797,1.0041,0.0955,-0.0114
LOOM_BTC,0.00000239,0.00000287,0.00000233,-0.1341
AMR_BTC,0.0000001067,0.0000001123,0.0000000912,+0.0430
DOT_USDT,33.2907,38.0196,32.3129,-0.1149
CRU_USDT,131.9960,146.2090,129.2121,-0.0760
ANC_USDT,4.7880,5.0190,4.7587,-0.0146
REP_ETH,0.017080,0.020370,0.016630,-0.1506
XAG_USDT,0.0469,0.0492000000,0.0466,-0.0429
RMT_USDT,0.014587,0.017956,0.0131700000,-0.1875
WOO_USDT,0.79616,1.05004,0.73254,-0.2397
SAFEMOON_USDT,0.00000789,0.00000950,0.00000370,+0.4372
VTHO_USDT,0.020131,0.024320,0.0015000000,-0.1719
OM_USDT,0.3178,0.3904,0.3050,-0.1696
CHZ_USDT,0.478511,0.576381,0.452814,-0.1645
$KING_BTC,0.00000206,0.00000224,0.00000192,-0.0594
GNY_BTC,0.00002102,0.00002109,0.0000193100,+0.0010
JULB_USDT,66.43,88.58,66.05,-0.2402
PCL_USDT,0.00878071,0.0092189100,0.00801002,+0.0035
ATOM_USDT,18.6889,21.9320,10.1125,-0.1345
NEO_USDT,105.090,128.745,97.749,-0.1538
REPO_BTC,0.00000139,0.00000257,0.0000009300,-0.0608
XAG_BTC,0.00000085,0.00000089,0.0000008400,-0.0341
UMA_USDT,26.5774,31.2720,25.0883,-0.1284
GBT_USDT,0.00108,0.0011800000,0.00052,+0.7143
XLM_USDT,0.48491913,0.55000000,0.1000000000,+0.3602
TRN_USDT,0.0324,0.0332,0.0225,+0.0728
SNX_USDT,15.4820,18.1131,14.9132,-0.1355
RSR_USDT,0.079080,0.094991,0.073216,-0.1598
INJ_USDT,11.4899,13.4533,11.1782,-0.1264
CRV_USDT,2.7189,3.4500,2.6010,-0.1700
PCL_BTC,0.0000001654,0.0000001709,0.0000001547,+0.0589
EUM_BTC,0.000088,0.0000920000,0.000088,-0.0435
VOX_USDT,152.98,187.15,142.91,+0.0098
CRO_USDT,0.1847,0.2110,0.1802,-0.1150
QRX_USDT,0.075052,0.082831,0.072797,-0.0326
UMB_USDT,0.8983000000,0.9581,0.8983000000,-0.0006
CUR_ETH,0.00000107,0.0000014200,0.0000010500,0
DASH_ETH,0.139509,0.145300,0.131840,-0.0251
CPC_BTC,0.00003236,0.0000352400,0.00002494,-0.0815
IOST_BTC,0.0000011947,0.0000013889,0.0000011192,-0.1323
SHAKE_ETH,0.9992000000,0.9992000000,0.9989,+0.0003
CPC_USDT,1.8690,2.0310000000,1.4588,+0.2238
TMT_BTC,0.00000158,0.0000016000,0.00000130,+0.1206
BSV_USDT,284.4898,333.3329,45.0001,-0.1372
SRK_USDT,0.0096,0.0135,0.0050,-0.2558
BREW_USDT,3.8264,4.0885,3.7145,-0.0298
APL_ETH,0.00000271,0.00000401,0.0000025000,-0.1738
CELR_USDT,0.0518,0.0630,0.0443,-0.1480
LINA_USDT,0.004616,0.005769,0.0043070000,-0.0578
SAND_USDT,0.4742,0.5784,0.4600,-0.1708
ADA_USDT,1.1798,1.3020,0.1229,-0.0870
PLU_USDT,9.43,9.43,6.2100000000,+0.5185
TUSD_USDT,0.9995,1.0069,0.9839,+0.0011
STS_ETH,0.000023,0.000028,0.0000190000,-0.1154
WAVES_ETH,0.005600,0.006213,0.005478,-0.0872
TFUEL_USDT,0.280063,0.344641,0.264809,-0.1671
REP_BTC,0.000656,0.000804,0.000633,-0.1738
LRC_USDT,0.5427,0.6249,0.5157,-0.1295
APL_USDT,0.005698,0.007590,0.005000,-0.2493
XDNA_USDT,0.001118,0.0017450000,0.0011160000,-0.0933
BRT_USDT,0.0791090000,0.0791090000,0.066035,+0.0548
SG_USDT,3.9037,4.0053,3.8000,-0.0036
BMX_USDT,0.1054,0.1195,0.0961,+0.0540
HOT_USDT,0.015333,0.018290,0.013997,-0.1440
BMX_BTC,0.000002159,0.0000036800,0.000001719,+0.1129
PETRO_USDT,14.4200000000,21.74,13.12,-0.0309
BNB_BTC,0.009072,0.010863,0.008813,-0.0245
BTC_USDT,54600.43,57214.44,53253.38,-0.0343
WAVES_BTC,0.00021580,0.00024571,0.00021121,-0.1079
LTC_USDT,248.43,276.61,10.03,-0.0921
POLS_USDT,2.7869,3.2061,2.6160,-0.1277
BTC_USDC,55227.15,57646.73,53790.19,-0.0298
APL_BTC,0.0000001045,0.0000001386,0.0000000931,-0.2149
ERG_BTC,0.00006311,0.00006319,0.0000630000,-0.0013
XPT_BTC,0.00000011,0.00000014,0.00000011,-0.0833
LOOM_ETH,0.00006168,0.00007219,0.00006122,-0.1175
WHIRL_USDT,0.004180,0.004500,0.003001,+0.3929
CORX_BTC,0.0000001487,0.0000001797,0.0000001153,-0.1064
BCH_BTC,0.016064,0.017692,0.015305,-0.0843
RDD_USDT,0.006321,0.008300,0.006251,-0.0275
BTT_USDT,0.007737,0.008287,0.007126,-0.0452
LINK_USDT,35.8963,41.0952,33.1140,-0.1131
WINR_USDT,0.004806,0.0129400000,0.003100,-0.0578
SRK_BTC,0.0000001736,0.0000002217,0.0000001566,-0.2073
SUSHI_USDT,11.675,14.119,11.211,-0.1584
SATOZ_USDT,0.0848,0.1100,0.0600,-0.2256
ETH_BTC,0.038581,0.039802,0.037871,-0.0243
NDAU_USDT,24.0469,24.0783,23.8618000000,+0.0077
SXP_USDT,3.4749,4.3101,3.2559,-0.1770
IOST_ETH,0.00003097,0.00003522,0.00002969,-0.1108
SRM_USDT,5.4302,6.6550,5.1521,-0.1276
BTC_PAX,54915.06,57415.63,5501.00,-0.0318
ZEC_USDT,223.26,260.74,209.61,-0.1382
